draw_nbr draw_date  draw_result1 draw_result2 draw_result3 draw_result4 draw_result5 draw_resultM bonus_result1 bonus_result2 bonus_result3
-------- ---------- ------------ ------------ ------------ ------------ ------------ ------------ ------------- ------------- -------------

595     03-04-2011            8           10           15           23           41            7                                           
594     03-01-2011            1           12           19           20           47           25                                           
593     02-25-2011            4            5           17           19           50            7                                           
592     02-22-2011           15           22           23           48           55           31                                           
591     02-18-2011            5            6            7           30           45           42                                           
590     02-15-2011           17           18           24           35           39           18                                           
589     02-11-2011            8            9           17           32           34           13                                           
588     02-08-2011           25           35           36           47           48           18                                           
587     02-04-2011            6           20           29           48           55            6                                           
586     02-01-2011           16           22           23           26           35           31                                           
585     01-28-2011           14           33           48           49           50           18                                           
584     01-25-2011            5            8           31           46           50            4                                           
583     01-21-2011            5            9           21           35           38           20                                           
582     01-18-2011            4           27           29           38           45            5                                           
581     01-14-2011            2           15           17           33           35            8                                           
580     01-11-2011            1            4           11           16           45           37                                           
579     01-07-2011            4           22           42           46           53           20                                           
578     01-04-2011            4            8           15           25           47           42                                           
577     12-31-2010           10           12           13           35           56            9                                           
576     12-28-2010            6           18           36           40           49            7                                           
575     12-24-2010           15           16           27           40           52           16                                           
574     12-21-2010            8           11           12           31           32           29                                           
573     12-17-2010           11           20           26           46           53           12                                           
572     12-14-2010           18           22           25           31           38           29                                           
571     12-10-2010           23           27           33           44           46           36                                           
570     12-07-2010            4           38           45           53           54            9                                           
569     12-03-2010            6           11           12           18           56           12                                           
568     11-30-2010           11           16           19           47           53            2                                           
567     11-26-2010            5            9           34           43           47            8                                           
566     11-23-2010            2            6           12           34           35           33                                           
565     11-19-2010            7           14           31           51           54           35                                           
564     11-16-2010            1           26           27           39           46           21                                           
563     11-12-2010            9           26           28           35           38           10                                           
562     11-09-2010            8           26           28           33           53           11                                           
561     11-05-2010           19           25           34           46           53           15                                           
560     11-02-2010            1            3           12           16           54           46                                           
559     10-29-2010            4           19           26           28           39           14                                           
558     10-26-2010           15           21           30           31           32           26                                           
557     10-22-2010            2            7           18           32           53           18                                           
556     10-19-2010            2            9           14           37           42           41                                           
555     10-15-2010            9           10           13           31           50           10                                           
554     10-12-2010           10           31           36           37           43           15                                           
553     10-08-2010           24           29           37           48           50           19                                           
552     10-05-2010           10           19           24           37           44           27                                           
551     10-01-2010            3            8           21           28           52           43                                           
550     09-28-2010            2           10           13           36           38           18                                           
549     09-24-2010            2           28           38           42           55           25                                           
548     09-21-2010            3           20           43           47           52           26                                           
547     09-17-2010            3            4           14           18           27           13                                           
546     09-14-2010            6           14           50           55           56            1                                           
545     09-10-2010           11           12           17           21           23           20                                           
544     09-07-2010            8           18           22           24           38           23                                           
543     09-03-2010           10           13           20           28           36            9                                           
542     08-31-2010           10           20           29           47           48           38                                           
541     08-27-2010            4           10           26           32           41           31                                           
540     08-24-2010            4           23           24           28           32           31                                           
539     08-20-2010            4           13           20           29           48           36                                           
538     08-17-2010           11           19           40           43           44           33                                           
537     08-13-2010            6           17           24           43           55           36                                           
536     08-10-2010            2           14           26           50           56           12                                           
535     08-06-2010            7           13           30           33           54           30                                           
534     08-03-2010            4           13           20           22           56           32                                           
533     07-30-2010           11           30           40           48           52           42                                           
532     07-27-2010            2            7           10           16           29            8                                           
531     07-23-2010           16           19           39           44           49           26                                           
530     07-20-2010           12           18           28           36           43           19                                           
529     07-16-2010            2           15           18           20           39           34                                           
528     07-13-2010            7           11           14           15           34           14                                           
527     07-09-2010            1           31           33           34           50           41                                           
526     07-06-2010            8           18           45           47           50           36                                           
525     07-02-2010            1           10           12           32           36           25                                           
524     06-29-2010            3            4           15           27           37           35                                           
523     06-25-2010            1            2           13           19           27           21                                           
522     06-22-2010           12           17           21           23           30           24                                           
521     06-18-2010           11           36           37           41           55            7                                           
520     06-15-2010            4           12           13           21           27           46                                           
519     06-11-2010            6           13           33           34           42           25                                           
518     06-08-2010           12           18           28           48           54            6                                           
517     06-04-2010           12           13           15           17           50           23                                           
516     06-01-2010           12           27           44           45           51           30                                           
515     05-28-2010            3           11           20           29           39           26                                           
514     05-25-2010            5           14           17           19           24           25                                           
513     05-21-2010           15           20           23           26           30           17                                           
512     05-18-2010           11           13           19           37           40           26                                           
511     05-14-2010           20           21           40           47           56           12                                           
510     05-11-2010           26           33           43           46           54            9                                           
509     05-07-2010            2            7           20           34           50           40                                           
508     05-04-2010            9           21           31           36           43            8                                           
507     04-30-2010           14           20           41           47           53           40                                           
506     04-27-2010           23           37           41           50           55            6                                           
505     04-23-2010           19           26           28           37           52           18                                           
504     04-20-2010            5            8           10           34           42           25                                           
503     04-16-2010           10           16           31           48           50           44                                           
502     04-13-2010            3           12           27           39           47           32                                           
501     04-09-2010           15           18           39           48           53            3                                           
500     04-06-2010           16           43           44           52           56           26                                           
499     04-02-2010            2           17           22           30           31           19                                           
498     03-30-2010            1           11           24           38           44           41                                           
497     03-26-2010           23           41           46           47           52           22                                           
496     03-23-2010            3           25           28           29           40           13                                           
495     03-19-2010           10           31           45           50           54           25                                           
494     03-16-2010            3           22           48           52           56           13                                           
493     03-12-2010            2           15           25           48           53           41                                           
492     03-09-2010           14           16           18           19           29           16                                           
491     03-05-2010           11           31           34           44           52           32                                           
490     03-02-2010            9           12           47           48           56           25                                           
489     02-26-2010            4           14           29           54           56           40                                           
488     02-23-2010            4           16           36           40           53           18                                           
487     02-19-2010            1           22           39           42           46           36                                           
486     02-16-2010           11           12           21           29           45            5                                           
485     02-12-2010           14           16           17           33           47           23                                           
484     02-09-2010            2           17           20           26           48           12                                           
483     02-05-2010           10           20           45           51           53           41                                           
482     02-02-2010            6            7           26           27           49            9                                           
481     01-29-2010            1           10           22           23           38           19                                           
480     01-26-2010            7            8           38           39           48           22                                           
479     01-22-2010            8           13           27           28           52            9                                           
478     01-19-2010            4            5           34           38           41           18                                           
477     01-15-2010            4            7           19           21           38           29                                           
476     01-12-2010            5            9           31           37           56           16                                           
475     01-08-2010           18           20           31           36           43           33                                           
474     01-05-2010           13           28           39           50           55           10                                           
473     01-01-2010            6            8           27           40           41           21                                           
472     12-29-2009            2            5           29           35           51            3                                           
471     12-25-2009            4           16           44           52           54           20                                           
470     12-22-2009            3           33           35           39           45           13                                           
469     12-18-2009           10           20           30           44           49           24                                           
468     12-15-2009           27           31           32           36           47           35                                           
467     12-11-2009            2           21           27           34           44           45                                           
466     12-08-2009           20           23           28           30           46           29                                           
465     12-04-2009            4           33           41           51           56           38                                           
464     12-01-2009           17           30           39           52           53           21                                           
463     11-27-2009           12           25           37           39           45           11                                           
462     11-24-2009           10           11           35           37           50           12                                           
461     11-20-2009            3            4            7           16           56           39                                           
460     11-17-2009            8           22           27           49           50           28                                           
459     11-13-2009           27           43           45           49           54           44                                           
458     11-10-2009            8           21           29           34           37           15                                           
457     11-06-2009            7           11           27           40           46            8                                           
456     11-03-2009            5           18           23           31           38           20                                           
455     10-30-2009            4           15           17           29           38           20                                           
454     10-27-2009            7           13           37           46           51            2                                           
453     10-23-2009           27           45           48           54           56            2                                           
452     10-20-2009           13           17           25           45           55            8                                           
451     10-16-2009           10           13           18           33           51           43                                           
450     10-13-2009           17           31           34           45           51           24                                           
449     10-09-2009            3           14           21           24           51           14                                           
448     10-06-2009            9           33           51           53           56           39                                           
447     10-02-2009           15           24           51           53           55           11                                           
446     09-29-2009            2           21           25           45           50           21                                           
445     09-25-2009            7           27           42           49           52           19                                           
444     09-22-2009           26           29           33           39           46           24                                           
443     09-18-2009           18           27           31           36           52           33                                           
442     09-15-2009           29           30           32           35           41           39                                           
441     09-11-2009           16           27           48           49           54            2                                           
440     09-08-2009            4           10           18           28           50           35                                           
439     09-04-2009            2            4            6           21           44           37                                           
438     09-01-2009            2            9           28           51           53           19                                           
437     08-28-2009            1           17           31           37           54           31                                           
436     08-25-2009            3           12           19           22           40            2                                           
435     08-21-2009            9           38           44           48           49           13                                           
434     08-18-2009            4            5           26           37           56           25                                           
433     08-14-2009            8           22           25           33           35           46                                           
432     08-11-2009            6           12           15           32           42           40                                           
431     08-07-2009            7           18           35           45           56            3                                           
430     08-04-2009            1           28           34           42           50           27                                           
429     07-31-2009           17           35           44           52           56           22                                           
428     07-28-2009            4           17           24           25           48           34                                           
427     07-24-2009            3            6           43           51           52           36                                           
426     07-21-2009            3            8           21           50           52            2                                           
425     07-17-2009            8           17           40           47           50           13                                           
424     07-14-2009           20           29           35           45           53           41                                           
423     07-10-2009            5           10           26           27           28            4                                           
422     07-07-2009           25           27           35           38           39           28                                           
421     07-03-2009            5            6            7           11           25           31                                           
420     06-30-2009            7           34           49           54           55           34                                           
419     06-26-2009           11           15           17           29           46           16                                           
418     06-23-2009           12           14           16           31           50            9                                           
417     06-19-2009            4            9           12           16           46           44                                           
416     06-16-2009            9           15           21           26           45           25                                           
415     06-12-2009            6           11           20           32           44           38                                           
414     06-09-2009            5           17           31           36           56           46                                           
413     06-05-2009            5           20           38           41           52           20                                           
412     06-02-2009            9           13           26           30           35           33                                           
411     05-29-2009           23           30           36           39           48           34                                           
410     05-26-2009            9           18           21           37           55           33                                           
409     05-22-2009            3           29           34           42           49           29                                           
408     05-19-2009            2            4            9           15           42           13                                           
407     05-15-2009            7           12           24           36           48           27                                           
406     05-12-2009            4            8           10           14           51           31                                           
405     05-08-2009           12           27           29           32           34           34                                           
404     05-05-2009            5           23           38           39           54            3                                           
403     05-01-2009            9           16           24           40           43           35                                           
402     04-28-2009           15           20           24           36           44            6                                           
401     04-24-2009            9           20           21           48           49            7                                           
400     04-21-2009            5           24           37           47           52            6                                           
399     04-17-2009            5           13           26           35           45           32                                           
398     04-14-2009            4           11           22           48           50           42                                           
397     04-10-2009           18           25           36           42           51           22                                           
396     04-07-2009            2            4           13           17           36           15                                           
395     04-03-2009           16           22           38           39           48           42                                           
394     03-31-2009           14           39           47           48           53           29                                           
393     03-27-2009           10           15           24           38           50           19                                           
392     03-24-2009            4           25           34           43           44           45                                           
391     03-20-2009           15           16           20           39           40           26                                           
390     03-17-2009            9           15           24           28           31           17                                           
389     03-13-2009           10           12           26           46           50           23                                           
388     03-10-2009            2           27           31           39           40           23                                           
387     03-06-2009           11           18           37           46           55           45                                           
386     03-03-2009           26           32           35           43           52           10                                           
385     02-27-2009           24           37           44           50           56           35                                           
384     02-24-2009            1           27           28           35           40            6                                           
383     02-20-2009           21           28           41           45           55           24                                           
382     02-17-2009            1            9           23           27           33           24                                           
381     02-13-2009           25           36           37           40           51           20                                           
380     02-10-2009           18           29           38           43           47            7                                           
379     02-06-2009            2           12           18           28           31            3                                           
378     02-03-2009            4           15           29           43           56           29                                           
377     01-30-2009           13           16           19           53           55            2                                           
376     01-27-2009            3           11           12           14           21           25                                           
375     01-23-2009            2           17           20           27           28            7                                           
374     01-20-2009            1            9           10           35           46            9                                           
373     01-16-2009            2            4           21           39           51           29                                           
372     01-13-2009           22           25           33           36           48           40                                           
371     01-09-2009           23           25           30           45           50            8                                           
370     01-06-2009            3           11           12           19           33           30                                           
369     01-02-2009            2           11           19           21           34           38                                           
368     12-30-2008            1           22           29           44           52           39                                           
367     12-26-2008            6           19           29           33           37           31                                           
366     12-23-2008            1            8           13           27           41           45                                           
365     12-19-2008            3           13           16           39           54           32                                           
364     12-16-2008           10           14           16           29           40            6                                           
363     12-12-2008           10           16           19           27           48           25                                           
362     12-09-2008           11           12           26           31           33           27                                           
361     12-05-2008           21           27           46           52           55           14                                           
360     12-02-2008            2           17           22           32           51           35                                           
359     11-28-2008           10           30           44           46           48           44                                           
358     11-25-2008            2           11           22           51           52           46                                           
357     11-21-2008            1           22           52           53           56           45                                           
356     11-18-2008           10           15           22           52           53           12                                           
355     11-14-2008            3           18           19           30           34            3                                           
354     11-11-2008            5           27           38           42           55           41                                           
353     11-07-2008           14           24           32           43           44           21                                           
352     11-04-2008           10           21           23           41           55            9                                           
351     10-31-2008            2            7           17           29           47           40                                           
350     10-28-2008            6           39           45           46           48           36                                           
349     10-24-2008            5           33           34           47           52           18                                           
348     10-21-2008           16           19           39           42           44           38                                           
347     10-17-2008            7           15           27           28           31           35                                           
346     10-14-2008           14           35           41           42           51           23                                           
345     10-10-2008           14           15           43           46           48           21                                           
344     10-07-2008            2           25           35           38           42           34                                           
343     10-03-2008           13           28           32           41           52           16                                           
342     09-30-2008            9           30           35           39           49           36                                           
341     09-26-2008            6           13           14           31           36           36                                           
340     09-23-2008            9           32           34           43           52            4                                           
339     09-19-2008            2            9           41           48           51           37                                           
338     09-16-2008           13           24           39           51           52           44                                           
337     09-12-2008            1           12           14           25           35           38                                           
336     09-09-2008           22           23           28           49           52            2                                           
335     09-05-2008            1            6           15           27           46           39                                           
334     09-02-2008           14           23           43           44           54           39                                           
333     08-29-2008           21           25           26           50           51           22                                           
332     08-26-2008            6           16           24           34           36           30                                           
331     08-22-2008           12           13           15           41           42           37                                           
330     08-19-2008            9           18           19           26           40           38                                           
329     08-15-2008            8           23           29           30           53            7                                           
328     08-12-2008            2            7           23           38           40           40                                           
327     08-08-2008           11           17           28           32           50           33                                           
326     08-05-2008            9           21           36           38           55           13                                           
325     08-01-2008            9           13           17           18           56            2                                           
324     07-29-2008           11           13           20           30           42            3                                           
323     07-25-2008            2           16           19           35           52           17                                           
322     07-22-2008            2           16           23           29           32           46                                           
321     07-18-2008           17           29           36           53           55           26                                           
320     07-15-2008           19           24           34           45           51           40                                           
319     07-11-2008            5           14           16           39           51           34                                           
318     07-08-2008            1           20           22           29           41           35                                           
317     07-04-2008            1            3           12           19           20           28                                           
316     07-01-2008            1           22           33           43           52           36                                           
315     06-27-2008            8           14           22           39           50           44                                           
314     06-24-2008           10           22           36           50           53           39                                           
313     06-20-2008           11           17           25           36           42           13                                           
312     06-17-2008            5           14           25           47           49           36                                           
311     06-13-2008            8            9           14           38           44           36                                           
310     06-10-2008            3            5           15           43           51           11                                           
309     06-06-2008            8            9           43           44           54           27                                           
308     06-03-2008            4           19           24           32           54            5                                           
307     05-30-2008           39           40           47           53           55           32                                           
306     05-27-2008           14           24           32           45           49           17                                           
305     05-23-2008            4            8           11           22           30            4                                           
304     05-20-2008            2           14           26           32           41           32                                           
303     05-16-2008            6           11           39           46           47           26                                           
302     05-13-2008           20           24           27           31           47           15                                           
301     05-09-2008           16           31           43           46           56           22                                           
300     05-06-2008            4           21           46           53           54           26                                           
299     05-02-2008            8           28           37           53           55           26                                           
298     04-29-2008           19           24           35           44           51           26                                           
297     04-25-2008           19           32           37           45           52           41                                           
296     04-22-2008            3           22           31           48           54            9                                           
295     04-18-2008           24           28           36           50           53           29                                           
294     04-15-2008           12           13           27           48           50           30                                           
293     04-11-2008           14           18           27           31           42            7                                           
292     04-08-2008            8            9           31           37           44           38                                           
291     04-04-2008            3            5           40           45           49           17                                           
290     04-01-2008            4           17           26           46           56           25                                           
289     03-28-2008            7           26           27           40           43           10                                           
288     03-25-2008           38           42           43           48           53           12                                           
287     03-21-2008            5            8           17           19           41           21                                           
286     03-18-2008           13           15           20           25           44           37                                           
285     03-14-2008            3           12           18           25           52           21                                           
284     03-11-2008            4           13           35           41           47           44                                           
283     03-07-2008           19           32           33           41           48           12                                           
282     03-04-2008            7           15           30           33           56           22                                           
281     02-29-2008            5           17           22           26           55           38                                           
280     02-26-2008            9           12           30           36           55           15                                           
279     02-22-2008            7           12           13           19           22           10                                           
278     02-19-2008            1           38           42           55           56           34                                           
277     02-15-2008            7           11           26           30           53           14                                           
276     02-12-2008           14           27           39           47           50           12                                           
275     02-08-2008           21           30           43           46           50           18                                           
274     02-05-2008            4            5           17           40           51           38                                           
273     02-01-2008            3           14           30           44           56            5                                           
272     01-29-2008            8           23           39           40           42           24                                           
271     01-25-2008            5           12           22           38           56           22                                           
270     01-22-2008           12           15           22           25           33            2                                           
269     01-18-2008           12           22           33           43           44           15                                           
268     01-15-2008           21           30           42           44           50            6                                           
267     01-11-2008           22           36           42           45           55           42                                           
266     01-08-2008           10           29           45           52           54           10                                           
265     01-04-2008           24           31           39           40           56           32                                           
264     01-01-2008           13           16           25           30           54           11                                           
263     12-28-2007            2           19           22           28           54           25                                           
262     12-25-2007           19           36           37           48           52            8                                           
261     12-21-2007           14           19           20           43           53            7                                           
260     12-18-2007            3           23           46           48           49            2                                           
259     12-14-2007            4            7           12           17           30           44                                           
258     12-11-2007            6           25           27           30           45           46                                           
257     12-07-2007           12           18           26           28           51           35                                           
256     12-04-2007           16           27           30           45           53           43                                           
255     11-30-2007            5            6           12           26           51            7                                           
254     11-27-2007            9           10           26           29           39           10                                           
253     11-23-2007           18           21           33           42           56           11                                           
252     11-20-2007           14           20           23           42           43            6                                           
251     11-16-2007           12           13           30           31           39           29                                           
250     11-13-2007           15           26           36           39           40           45                                           
249     11-09-2007           11           33           41           42           46           21                                           
248     11-06-2007            3           17           43           46           47            2                                           
247     11-02-2007            1            3           34           49           52           19                                           
246     10-30-2007            2            8           44           46           51           22                                           
245     10-26-2007           12           20           24           38           51            3                                           
244     10-23-2007            2            7           45           52           53           18                                           
243     10-19-2007            5           15           18           23           46           14                                           
242     10-16-2007            1            2            5           41           44           25                                           
241     10-12-2007           21           26           34           44           54           23                                           
240     10-09-2007            1           10           17           32           51           44                                           
239     10-05-2007           10           19           37           40           48            1                                           
238     10-02-2007           28           37           40           43           44           20                                           
237     09-28-2007            4           13           20           25           33           42                                           
236     09-25-2007            2           19           23           47           54           16                                           
235     09-21-2007            5           21           23           33           45           43                                           
234     09-18-2007           20           24           31           34           49            8                                           
233     09-14-2007            5            9           12           33           40           27                                           
232     09-11-2007            9           10           17           21           35            6                                           
231     09-07-2007           14           19           27           34           48            3                                           
230     09-04-2007            3            6           11           42           46           38                                           
229     08-31-2007            8           18           22           40           44           11                                           
228     08-28-2007           37           40           48           53           56           44                                           
227     08-24-2007            4           21           46           51           53            5                                           
226     08-21-2007            8           38           54           55           56            2                                           
225     08-17-2007            2            8           33           38           53           12                                           
224     08-14-2007            5            8            9           24           34           17                                           
223     08-10-2007           10           20           32           33           54           39                                           
222     08-07-2007           36           41           50           55           56            9                                           
221     08-03-2007           16           29           42           46           51           40                                           
220     07-31-2007            5           18           37           39           43           42                                           
219     07-27-2007            7           12           35           54           55            2                                           
218     07-24-2007            8           17           20           23           50           17                                           
217     07-20-2007            6           13           30           41           52           26                                           
216     07-17-2007           16           30           38           46           51            5                                           
215     07-13-2007            7           39           41           48           53           21                                           
214     07-10-2007           19           24           30           34           56           19                                           
213     07-06-2007            3            9           12           25           47           37                                           
212     07-03-2007           21           35           37           39           40           35                                           
211     06-29-2007            1           17           40           51           52            7                                           
210     06-26-2007            4           10           20           29           45           21                                           
209     06-22-2007           11           14           21           24           31           23                                           
208     06-19-2007            5           16           31           49           54           19                                           
207     06-15-2007            1            5           16           26           30           21                                           
206     06-12-2007            3           13           19           31           50           21                                           
205     06-08-2007            6           26           29           31           39           31                                           
204     06-05-2007           27           35           38           49           56           15                                           
203     06-01-2007           12           19           29           32           48            9                                           
202     05-29-2007            2           24           44           51           54            7                                           
201     05-25-2007           10           14           22           42           43            1                                           
200     05-22-2007            2            7           11           22           36           35                                           
199     05-18-2007           13           23           24           30           44            5                                           
198     05-15-2007            6           13           42           46           56           42                                           
197     05-11-2007           28           30           33           48           54           25                                           
196     05-08-2007           16           24           41           43           54           36                                           
195     05-04-2007            4            9           20           45           55           34                                           
194     05-01-2007           11           16           31           52           53           42                                           
193     04-27-2007            5            7           26           38           56           15                                           
192     04-24-2007            8           10           35           36           43           14                                           
191     04-20-2007            1            9           10           23           53           40                                           
190     04-17-2007            1            4           11           31           47           37                                           
189     04-13-2007           11           14           21           25           26           33                                           
188     04-10-2007            7           15           16           19           28           10                                           
187     04-06-2007           24           32           34           36           39            6                                           
186     04-03-2007           16           26           33           34           46           38                                           
185     03-30-2007           15           23           37           48           53           22                                           
184     03-27-2007           18           25           34           35           42            6                                           
183     03-23-2007           18           21           35           51           53           36                                           
182     03-20-2007            7           21           46           49           55           15                                           
181     03-16-2007           17           25           36           40           43            9                                           
180     03-13-2007            7           11           16           38           49           35                                           
179     03-09-2007           10           13           25           42           43           30                                           
178     03-06-2007           16           22           29           39           42           20                                           
177     03-02-2007           14           21           33           35           51           43                                           
176     02-27-2007           18           31           44           45           48           18                                           
175     02-23-2007            3           18           21           38           50           43                                           
174     02-20-2007            1            9           26           46           51           11                                           
173     02-16-2007           17           35           40           46           48           41                                           
172     02-13-2007            3            9           24           29           41           41                                           
171     02-09-2007           32           39           46           48           49           41                                           
170     02-06-2007           16           21           35           36           46           38                                           
169     02-02-2007           22           33           35           40           53           15                                           
168     01-30-2007           14           18           44           52           56           25                                           
167     01-26-2007           16           17           36           49           54           14                                           
166     01-23-2007            3            5           15           26           53           35                                           
165     01-19-2007            4           28           30           31           35           17                                           
164     01-16-2007            4            8           15           33           52           10                                           
163     01-12-2007           12           14           26           40           42           22                                           
162     01-09-2007            7           11           26           38           54           13                                           
161     01-05-2007            2           12           44           46           51            6                                           
160     01-02-2007            9           10           38           51           53            1                                           
159     12-29-2006            3            4           10           39           50           29                                           
158     12-26-2006            7           12           25           44           53            3                                           
157     12-22-2006            5           12           15           25           34           43                                           
156     12-19-2006            9           32           37           42           48            7                                           
155     12-15-2006            6            7           17           28           40           39                                           
154     12-12-2006           20           30           31           35           49           23                                           
153     12-08-2006            1           15           29           32           45            8                                           
152     12-05-2006            6            9           13           43           46           45                                           
151     12-01-2006           16           22           23           37           53           35                                           
150     11-28-2006            7           14           24           41           56            7                                           
149     11-24-2006           14           35           40           47           48           35                                           
148     11-21-2006            7           13           20           42           47            9                                           
147     11-17-2006            5           19           25           30           50           42                                           
146     11-14-2006            9           20           24           25           36           23                                           
145     11-10-2006           11           42           52           53           55           28                                           
144     11-07-2006           13           22           33           51           52           42                                           
143     11-03-2006            8           10           22           25           55           22                                           
142     10-31-2006            5           34           40           45           46           21                                           
141     10-27-2006           15           22           26           30           32           31                                           
140     10-24-2006            5           25           41           48           51           35                                           
139     10-20-2006            9           13           23           29           54           34                                           
138     10-17-2006            6           18           20           28           38           37                                           
137     10-13-2006           24           27           42           47           50            8                                           
136     10-10-2006           14           30           35           40           43            2                                           
135     10-06-2006            1           11           20           21           46           18                                           
134     10-03-2006            6           19           32           33           40           39                                           
133     09-29-2006            3           25           43           45           55           40                                           
132     09-26-2006            3            6           38           42           45           30                                           
131     09-22-2006            7           12           17           22           43           16                                           
130     09-19-2006            2           19           44           45           56           43                                           
129     09-15-2006            6           26           33           39           55            1                                           
128     09-12-2006            3           16           25           30           44           42                                           
127     09-08-2006            9           17           34           52           53            2                                           
126     09-05-2006            1           32           36           42           53            4                                           
125     09-01-2006            5            6           51           53           55           12                                           
124     08-29-2006           15           25           37           38           52            4                                           
123     08-25-2006           17           24           35           46           54           33                                           
122     08-22-2006            3            4            5            7           36           16                                           
121     08-18-2006            5           12           13           46           50           10                                           
120     08-15-2006           10           12           22           44           48           16                                           
119     08-11-2006           14           16           38           40           49           29                                           
118     08-08-2006            1            5           13           18           33           30                                           
117     08-04-2006            2           24           31           50           55           44                                           
116     08-01-2006           14           29           32           43           49           14                                           
115     07-28-2006            2           13           23           32           35            4                                           
114     07-25-2006            7           21           24           41           51           10                                           
113     07-21-2006           18           26           35           36           43           24                                           
112     07-18-2006           12           13           29           49           52           20                                           
111     07-14-2006           13           25           26           28           56           39                                           
110     07-11-2006            5           14           34           36           52           42                                           
109     07-07-2006            7           15           27           46           56           39                                           
108     07-04-2006            9           15           31           42           45           41                                           
107     06-30-2006           20           40           46           48           54           27                                           
106     06-27-2006            2           14           20           29           44           32                                           
105     06-23-2006           13           17           24           34           56           24                                           
104     06-20-2006           11           21           37           53           54           12                                           
103     06-16-2006           27           30           36           38           45           13                                           
102     06-13-2006            1           20           23           24           33           29                                           
101     06-09-2006            8           17           18           26           47           37                                           
100     06-06-2006            5           29           35           52           53            9                                           
99      06-02-2006            3           10           18           36           38           41                                           
98      05-30-2006            2           13           28           34           45           36                                           
97      05-26-2006           12           14           20           47           48           24                                           
96      05-23-2006           17           21           28           48           54            1                                           
95      05-19-2006            5           12           31           51           56            1                                           
94      05-16-2006            7           24           40           48           50           15                                           
93      05-12-2006            6           36           39           45           52           45                                           
92      05-09-2006            7           15           24           43           44           22                                           
91      05-05-2006            8           20           39           53           55           10                                           
90      05-02-2006            7           11           22           27           31           33                                           
89      04-28-2006           16           29           32           36           55           12                                           
88      04-25-2006            1           20           32           37           39            9                                           
87      04-21-2006            2            4            7           27           41            4                                           
86      04-18-2006           13           14           25           34           50            6                                           
85      04-14-2006            8           10           18           29           33           10                                           
84      04-11-2006            2           12           45           46           56           20                                           
83      04-07-2006            1           18           31           46           52           37                                           
82      04-04-2006            9           25           48           51           56            7                                           
81      03-31-2006            4            7           19           50           52           15                                           
80      03-28-2006           14           18           35           39           49           14                                           
79      03-24-2006            1            2           17           47           49           19                                           
78      03-21-2006            4           16           17           28           31            8                                           
77      03-17-2006            8           11           23           48           52            5                                           
76      03-14-2006           27           28           30           42           50           22                                           
75      03-10-2006            4           17           18           51           54           31                                           
74      03-07-2006           15           27           36           38           42           32                                           
73      03-03-2006           25           29           38           39           46            4                                           
72      02-28-2006            2            4           35           36           48           22                                           
71      02-24-2006            3            5           12           16           34           27                                           
70      02-21-2006           14           23           27           36           45           36                                           
69      02-17-2006           16           25           31           43           46           28                                           
68      02-14-2006           27           36           43           49           54           33                                           
67      02-10-2006           24           39           40           43           46            2                                           
66      02-07-2006            2           16           25           30           48           26                                           
65      02-03-2006           29           31           32           41           52           42                                           
64      01-31-2006            1           35           53           54           56           44                                           
63      01-27-2006            2            7            8           18           29           46                                           
62      01-24-2006           31           34           36           51           55            4                                           
61      01-20-2006           18           22           28           44           53           46                                           
60      01-17-2006           24           32           37           39           40           44                                           
59      01-13-2006            5           21           27           44           53           36                                           
58      01-10-2006            7           27           32           37           38           30                                           
57      01-06-2006            8           11           28           37           53           12                                           
56      01-03-2006           15           19           20           32           38           21                                           
55      12-30-2005           14           20           25           40           44           37                                           
54      12-27-2005           11           24           27           49           55           23                                           
53      12-23-2005           10           37           39           49           54            8                                           
52      12-20-2005            6           20           23           40           56           36                                           
51      12-16-2005           14           25           26           31           56           17                                           
50      12-13-2005            9           10           12           22           41            4                                           
49      12-09-2005           14           15           31           32           43           20                                           
48      12-06-2005            6           10           26           30           33           16                                           
47      12-02-2005            3           12           21           38           44           45                                           
46      11-29-2005            7            8           47           51           52            5                                           
45      11-25-2005            5           25           31           33           34           41                                           
44      11-22-2005            9           22           37           41           43           30                                           
43      11-18-2005            8           18           21           42           46           11                                           
42      11-15-2005            2            4            5           40           48            7                                           
41      11-11-2005            9           14           34           50           51           40                                           
40      11-08-2005            8           16           21           25           27           16                                           
39      11-04-2005            7            9           41           53           54           38                                           
38      11-01-2005            5           18           21           28           36           20                                           
37      10-28-2005            8           17           25           28           53            1                                           
36      10-25-2005            7           12           18           31           55           30                                           
35      10-21-2005           11           17           28           29           36           42                                           
34      10-18-2005            3           12           16           32           33           15                                           
33      10-14-2005            6           20           24           25           34           44                                           
32      10-11-2005           24           30           42           53           54           20                                           
31      10-07-2005            2            4           23           27           36           37                                           
30      10-04-2005           12           24           28           29           36           41                                           
29      09-30-2005            1            3           14           30           52           10                                           
28      09-27-2005           14           17           26           27           28            5                                           
27      09-23-2005            6            7           20           41           51           38                                           
26      09-20-2005           35           36           40           42           52           45                                           
25      09-16-2005            5           16           41           46           50            1                                           
24      09-13-2005           13           24           44           48           52           30                                           
23      09-09-2005           15           28           43           51           52           11                                           
22      09-06-2005            1            8           27           31           50           40                                           
21      09-02-2005            1            4           14           45           53           33                                           
20      08-30-2005           19           32           42           49           56           29                                           
19      08-26-2005            5           20           38           47           54           35                                           
18      08-23-2005            6            7            8           13           40           12                                           
17      08-19-2005            2           13           18           36           46           36                                           
16      08-16-2005            9           15           20           24           55            3                                           
15      08-12-2005            8           37           38           45           54           21                                           
14      08-09-2005           13           35           36           43           52            5                                           
13      08-05-2005            3            5           48           50           53            4                                           
12      08-02-2005           17           22           39           50           52           46                                           
11      07-29-2005            4           16           23           25           40           22                                           
10      07-26-2005            1           10           18           29           55            8                                           
9       07-22-2005            7           18           27           35           54           34                                           
8       07-19-2005            7           13           48           51           54           11                                           
7       07-15-2005            9           13           25           36           48            2                                           
6       07-12-2005            5           17           32           39           53           36                                           
5       07-08-2005            9           23           45           48           50            3                                           
4       07-05-2005           22           38           48           50           55           29                                           
3       07-01-2005           14           25           41           42           50           40                                           
2       06-28-2005            2           20           37           43           46            4                                           
1       06-24-2005           14           43           44           50           56            7                                           
